XOR:			3R:
loss	real		loss	real
0.99	0.9899		0.99	0.8204
0.95	0.9454		0.95	0.8575
0.90	0.8918		0.90	0.7262
0.85	0.8276		0.85	0.6104
0.80	0.7725		0.80	0.5100
0.75	0.7023		0.75	0.4225
0.70	0.6341		0.70	0.3431
0.65	0.5680		0.65	0.2747
0.60    0.5062		0.60	0.2196
0.55	0.4403		0.55	0.1679
0.50	0.3763		0.50	0.1270
0.45	0.3179		0.45	0.0927
0.40	0.2587		0.40	0.0634
0.35	0.2048		0.35	0.0418
0.30	0.1543		0.30	0.0259
0.25	0.1099		0.25	0.0156
0.20	0.0723		0.20	0.0078
0.15	0.0424		0.15	0.0035
0.10	0.0181		0.10	0.0010
0.05	0.0052		0.05	0.0001
0.01	0.0000		0.01	0.0000





















